3.95 0.400002 3.95 0.632911 3.95 0.400002 3.95 1.89873 3.95 0.400002 3.95 1.26582 3.95 0.450002 3.95 1.26582 
4.029 0.450002 4.029 1.89873 4.029 0.550002 4.029 1.89873 4.029 0.500002 4.029 1.26582 4.029 0.550002 4.029 1.26582 
4.108 0.600002 4.108 2.53165 4.108 0.700002 4.108 1.26582 4.108 0.600002 4.108 2.53165 4.108 0.650002 4.108 1.89873 
4.187 0.800002 4.187 1.26582 4.187 0.800002 4.187 1.26582 4.187 0.800002 4.187 1.89873 4.187 0.800002 4.187 1.89873 
4.266 0.900002 4.266 1.89871 4.266 0.900002 4.266 1.89871 4.266 0.950002 4.266 1.2658 4.266 0.950002 4.266 1.2658 
4.345 1.05 4.345 0.632911 4.345 1.05 4.345 1.26582 4.345 1.05 4.345 1.26582 4.345 1.05 4.345 1.89873 
4.424 1.1 4.424 1.89873 4.424 1.15 4.424 1.26582 4.424 1.15 4.424 1.89873 4.424 1.2 4.424 0.632911 
4.503 1.25 4.503 1.26582 4.503 1.25 4.503 1.26582 4.503 1.3 4.503 0.632911 4.503 1.25 4.503 1.26582 
4.582 1.35 4.582 0.632911 4.582 1.35 4.582 1.26582 4.582 1.35 4.582 0.632911 4.582 1.35 4.582 0.632911 
4.661 1.4 4.661 1.26582 4.661 1.45 4.661 0 4.661 1.4 4.661 0.632911 4.661 1.4 4.661 1.26582 
4.74 1.5 4.74 0.632911 4.74 1.45 4.74 1.26582 4.74 1.45 4.74 1.26582 4.74 1.5 4.74 0.632911 
4.819 1.55 4.819 0 4.819 1.55 4.819 0 4.819 1.55 4.819 0 4.819 1.55 4.819 0 
4.898 1.55 4.898 0 4.898 1.55 4.898 0.632911 4.898 1.55 4.898 0.632911 4.898 1.55 4.898 0.632911 
4.977 1.55 4.977 0.632911 4.977 1.6 4.977 0 4.977 1.6 4.977 0 4.977 1.6 4.977 0 
5.056 1.6 5.056 0 5.056 1.6 5.056 0.632911 5.056 1.6 5.056 0.632911 5.056 1.6 5.056 0 
5.135 1.6 5.135 0.632911 5.135 1.65 5.135 0 5.135 1.65 5.135 0 5.135 1.6 5.135 0.632911 
5.214 1.65 5.214 0 5.214 1.65 5.214 0 5.214 1.65 5.214 0 5.214 1.65 5.214 0 
5.293 1.65 5.293 0 5.293 1.65 5.293 0.632911 5.293 1.65 5.293 0.632911 5.293 1.65 5.293 0 
5.372 1.65 5.372 0 5.372 1.7 5.372 0 5.372 1.7 5.372 0 5.372 1.65 5.372 0 
5.451 1.65 5.451 0.632911 5.451 1.7 5.451 0 5.451 1.7 5.451 0 5.451 1.65 5.451 0.632911 
5.53 1.7 5.53 0 5.53 1.7 5.53 0 5.53 1.7 5.53 0 5.53 1.7 5.53 0 
5.609 1.7 5.609 0 5.609 1.7 5.609 0 5.609 1.7 5.609 0 5.609 1.7 5.609 0 
5.688 1.7 5.688 0 5.688 1.7 5.688 0 5.688 1.7 5.688 0 5.688 1.7 5.688 0 
5.767 1.7 5.767 0 5.767 1.7 5.767 0 5.767 1.7 5.767 0 5.767 1.7 5.767 0 
5.846 1.7 5.846 0 5.846 1.7 5.846 0 5.846 1.7 5.846 0 5.846 1.7 5.846 0 
5.925 1.7 5.925 0 5.925 1.7 5.925 0 5.925 1.7 5.925 0 5.925 1.7 5.925 0 
6.004 1.7 6.004 0 6.004 1.7 6.004 0 6.004 1.7 6.004 0 6.004 1.7 6.004 0 
6.083 1.7 6.083 0 6.083 1.7 6.083 0 6.083 1.7 6.083 0 6.083 1.7 6.083 0 
6.162 1.7 6.162 0 6.162 1.7 6.162 0 6.162 1.7 6.162 0 6.162 1.7 6.162 0 
6.241 1.7 6.241 0 6.241 1.7 6.241 0 6.241 1.7 6.241 0 6.241 1.7 6.241 -0.632911 
6.32 1.7 6.32 -0.632911 6.32 1.7 6.32 -0.632911 6.32 1.7 6.32 0 6.32 1.65 6.32 0 
6.399 1.65 6.399 0 6.399 1.65 6.399 0 6.399 1.7 6.399 -0.632911 6.399 1.65 6.399 -0.632911 
6.478 1.65 6.478 -0.632911 6.478 1.65 6.478 -0.632911 6.478 1.65 6.478 0 6.478 1.6 6.478 0 
6.557 1.6 6.557 -0.632911 6.557 1.6 6.557 0 6.557 1.65 6.557 -0.632911 6.557 1.6 6.557 0 
6.636 1.55 6.636 0 6.636 1.6 6.636 -0.632911 6.636 1.6 6.636 0 6.636 1.6 6.636 -0.632911 
6.715 1.55 6.715 -0.632911 6.715 1.55 6.715 0 6.715 1.6 6.715 -0.632911 6.715 1.55 6.715 -0.632911 
6.794 1.5 6.794 0 6.794 1.55 6.794 -0.632911 6.794 1.55 6.794 -0.632911 6.794 1.5 6.794 0 
6.873 1.5 6.873 -0.632911 6.873 1.5 6.873 0 6.873 1.5 6.873 0 6.873 1.5 6.873 -0.632911 
6.952 1.45 6.952 0 6.952 1.5 6.952 0 6.952 1.5 6.952 -0.632911 6.952 1.45 6.952 0 
7.031 1.45 7.031 -0.632911 7.031 1.5 7.031 -0.632911 7.031 1.45 7.031 0 7.031 1.45 7.031 0 
7.11 1.4 7.11 0 7.11 1.45 7.11 0 7.11 1.45 7.11 0 7.11 1.45 7.11 0 
7.189 1.4 7.189 0 7.189 1.45 7.189 0 7.189 1.45 7.189 0 7.189 1.45 7.189 0 
7.268 1.4 7.268 0 7.268 1.45 7.268 0 7.268 1.45 7.268 0 7.268 1.45 7.268 0 
7.347 1.4 7.347 0 7.347 1.45 7.347 0 7.347 1.45 7.347 0 7.347 1.45 7.347 0 
7.426 1.4 7.426 0 7.426 1.45 7.426 0 7.426 1.45 7.426 0 7.426 1.45 7.426 0 
7.505 1.4 7.505 0.632911 7.505 1.45 7.505 0 7.505 1.45 7.505 0 7.505 1.45 7.505 0 
7.584 1.45 7.584 0 7.584 1.45 7.584 0.632911 7.584 1.45 7.584 0 7.584 1.45 7.584 0.632911 
7.663 1.45 7.663 0.632911 7.663 1.5 7.663 0 7.663 1.45 7.663 0.632911 7.663 1.5 7.663 0 
7.742 1.5 7.742 0.632911 7.742 1.5 7.742 0 7.742 1.5 7.742 0 7.742 1.5 7.742 0.632911 
7.821 1.55 7.821 0.632911 7.821 1.5 7.821 0.632911 7.821 1.5 7.821 0.632911 7.821 1.55 7.821 0.632911 
7.9 1.6 7.9 0 7.9 1.55 7.9 0.632911 7.9 1.55 7.9 0.632911 7.9 1.6 7.9 0.632911 
7.979 1.6 7.979 0.632911 7.979 1.6 7.979 0.632911 7.979 1.6 7.979 0 7.979 1.65 7.979 0.632911 
8.058 1.65 8.058 0.632911 8.058 1.65 8.058 0 8.058 1.6 8.058 0.632911 8.058 1.7 8.058 0.632911 
8.137 1.7 8.137 0 8.137 1.65 8.137 0.632911 8.137 1.65 8.137 0.632911 8.137 1.75 8.137 0 
8.216 1.7 8.216 0.632911 8.216 1.7 8.216 0 8.216 1.7 8.216 0.632911 8.216 1.75 8.216 0.632911 
8.295 1.75 8.295 0 8.295 1.7 8.295 0.632911 8.295 1.75 8.295 0 8.295 1.8 8.295 0.632911 
8.374 1.75 8.374 0.632911 8.374 1.75 8.374 0.632911 8.374 1.75 8.374 0.632911 8.374 1.85 8.374 0.632911 
8.453 1.8 8.453 0 8.453 1.8 8.453 0 8.453 1.8 8.453 0 8.453 1.9 8.453 0 
8.532 1.8 8.532 0.632911 8.532 1.8 8.532 0.632911 8.532 1.8 8.532 0.632911 8.532 1.9 8.532 0.632911 
8.611 1.85 8.611 0 8.611 1.85 8.611 0 8.611 1.85 8.611 0 8.611 1.95 8.611 0 
8.69 1.85 8.69 0 8.69 1.85 8.69 0.632911 8.69 1.85 8.69 0 8.69 1.95 8.69 0.632911 
8.769 1.85 8.769 0.632831 8.769 1.9 8.769 0 8.769 1.85 8.769 0.632831 8.769 2 8.769 0.632831 
8.84801 1.9 8.84801 0 8.84801 1.9 8.84801 0 8.84801 1.9 8.84801 0 8.84801 2.05 8.84801 0 
8.92701 1.9 8.92701 0 8.92701 1.9 8.92701 0 8.92701 1.9 8.92701 0 8.92701 2.05 8.92701 0.632911 
9.00601 1.9 9.00601 0 9.00601 1.9 9.00601 0 9.00601 1.9 9.00601 0 9.00601 2.1 9.00601 0 
9.08501 1.9 9.08501 0 9.08501 1.9 9.08501 0 9.08501 1.9 9.08501 0 9.08501 2.1 9.08501 0 
9.16401 1.9 9.16401 0 9.16401 1.9 9.16401 0 9.16401 1.9 9.16401 0 9.16401 2.1 9.16401 0.632911 
9.24301 1.9 9.24301 0 9.24301 1.9 9.24301 0 9.24301 1.9 9.24301 0.632911 9.24301 2.15 9.24301 0 
9.32201 1.9 9.32201 0 9.32201 1.9 9.32201 0 9.32201 1.95 9.32201 0 9.32201 2.15 9.32201 0 
9.40101 1.9 9.40101 0 9.40101 1.9 9.40101 0 9.40101 1.95 9.40101 0 9.40101 2.15 9.40101 0.632911 
9.48001 1.9 9.48001 0 9.48001 1.9 9.48001 0 9.48001 1.95 9.48001 0 9.48001 2.2 9.48001 0 
9.55901 1.9 9.55901 0 9.55901 1.9 9.55901 0 9.55901 1.95 9.55901 0 9.55901 2.2 9.55901 0 
9.63801 1.9 9.63801 0 9.63801 1.9 9.63801 0 9.63801 1.95 9.63801 0 9.63801 2.2 9.63801 0 
9.71701 1.9 9.71701 0 9.71701 1.9 9.71701 -0.632911 9.71701 1.95 9.71701 0 9.71701 2.2 9.71701 0.632911 
9.79601 1.9 9.79601 0 9.79601 1.85 9.79601 0 9.79601 1.95 9.79601 0 9.79601 2.25 9.79601 0 
9.87501 1.9 9.87501 0 9.87501 1.85 9.87501 0 9.87501 1.95 9.87501 0 9.87501 2.25 9.87501 0 
9.95401 1.9 9.95401 0 9.95401 1.85 9.95401 0 9.95401 1.95 9.95401 0 9.95401 2.25 9.95401 0 
10.033 1.9 10.033 -0.632911 10.033 1.85 10.033 0 10.033 1.95 10.033 0 10.033 2.25 10.033 0 
10.112 1.85 10.112 0 10.112 1.85 10.112 -0.632911 10.112 1.95 10.112 0 10.112 2.25 10.112 0 
10.191 1.85 10.191 0 10.191 1.8 10.191 0 10.191 1.95 10.191 0 10.191 2.25 10.191 0 
10.27 1.85 10.27 0 10.27 1.8 10.27 0 10.27 1.95 10.27 0 10.27 2.25 10.27 0 
10.349 1.85 10.349 0 10.349 1.8 10.349 0 10.349 1.95 10.349 0 10.349 2.25 10.349 0 
10.428 1.85 10.428 -0.632911 10.428 1.8 10.428 0 10.428 1.95 10.428 0 10.428 2.25 10.428 0 
10.507 1.8 10.507 0 10.507 1.8 10.507 0 10.507 1.95 10.507 0 10.507 2.25 10.507 0 
10.586 1.8 10.586 0 10.586 1.8 10.586 0 10.586 1.95 10.586 0 10.586 2.25 10.586 0 
10.665 1.8 10.665 0 10.665 1.8 10.665 -0.632911 10.665 1.95 10.665 0 10.665 2.25 10.665 0 
10.744 1.8 10.744 0 10.744 1.75 10.744 0 10.744 1.95 10.744 0 10.744 2.25 10.744 0 
10.823 1.8 10.823 0 10.823 1.75 10.823 0 10.823 1.95 10.823 0 10.823 2.25 10.823 -0.632911 
10.902 1.8 10.902 0 10.902 1.75 10.902 0 10.902 1.95 10.902 0 10.902 2.2 10.902 0 
10.981 1.8 10.981 0 10.981 1.75 10.981 0 10.981 1.95 10.981 0 10.981 2.2 10.981 0 
11.06 1.8 11.06 0 11.06 1.75 11.06 0 11.06 1.95 11.06 0 11.06 2.2 11.06 0 
11.139 1.8 11.139 -0.632911 11.139 1.75 11.139 0 11.139 1.95 11.139 0 11.139 2.2 11.139 0 
11.218 1.75 11.218 0 11.218 1.75 11.218 -0.632911 11.218 1.95 11.218 0 11.218 2.2 11.218 0 
11.297 1.75 11.297 0 11.297 1.7 11.297 0 11.297 1.95 11.297 0 11.297 2.2 11.297 0 
11.376 1.75 11.376 0 11.376 1.7 11.376 0 11.376 1.95 11.376 0 11.376 2.2 11.376 0 
11.455 1.75 11.455 0 11.455 1.7 11.455 0 11.455 1.95 11.455 0 11.455 2.2 11.455 0 
11.534 1.75 11.534 0 11.534 1.7 11.534 0 11.534 1.95 11.534 0 11.534 2.2 11.534 0 
11.613 1.75 11.613 0 11.613 1.7 11.613 0 11.613 1.95 11.613 0 11.613 2.2 11.613 0 
11.692 1.75 11.692 0 11.692 1.7 11.692 0 11.692 1.95 11.692 0 11.692 2.2 11.692 0 
11.771 1.75 11.771 0 11.771 1.7 11.771 0 11.771 1.95 11.771 0 11.771 2.2 11.771 0 
11.85 1.75 11.85 0 11.85 1.7 11.85 0 11.85 1.95 11.85 0 11.85 2.2 11.85 0 
11.929 1.75 11.929 0 11.929 1.7 11.929 0 11.929 1.95 11.929 0 11.929 2.2 11.929 -0.632911 
12.008 1.75 12.008 0 12.008 1.7 12.008 0 12.008 1.95 12.008 -0.632911 12.008 2.15 12.008 0 
12.087 1.75 12.087 0.632911 12.087 1.7 12.087 0 12.087 1.9 12.087 0 12.087 2.15 12.087 0 
12.166 1.8 12.166 0 12.166 1.7 12.166 0 12.166 1.9 12.166 0 12.166 2.15 12.166 0 
12.245 1.8 12.245 0 12.245 1.7 12.245 0 12.245 1.9 12.245 0 12.245 2.15 12.245 0 
12.324 1.8 12.324 0 12.324 1.7 12.324 0 12.324 1.9 12.324 0.632911 12.324 2.15 12.324 0 
12.403 1.8 12.403 0 12.403 1.7 12.403 0 12.403 1.95 12.403 0 12.403 2.15 12.403 0 
12.482 1.8 12.482 0 12.482 1.7 12.482 0.632911 12.482 1.95 12.482 0 12.482 2.15 12.482 0 
12.561 1.8 12.561 0.632911 12.561 1.75 12.561 0 12.561 1.95 12.561 0 12.561 2.15 12.561 0 
12.64 1.85 12.64 0 12.64 1.75 12.64 0 12.64 1.95 12.64 0 12.64 2.15 12.64 0 
12.719 1.85 12.719 0 12.719 1.75 12.719 0.632911 12.719 1.95 12.719 0 12.719 2.15 12.719 0 
12.798 1.85 12.798 0.632911 12.798 1.8 12.798 0 12.798 1.95 12.798 0 12.798 2.15 12.798 0 
12.877 1.9 12.877 0 12.877 1.8 12.877 0.632911 12.877 1.95 12.877 0 12.877 2.15 12.877 0 
12.956 1.9 12.956 0 12.956 1.85 12.956 0 12.956 1.95 12.956 0 12.956 2.15 12.956 0 
13.035 1.9 13.035 0 13.035 1.85 13.035 0 13.035 1.95 13.035 0.632911 13.035 2.15 13.035 0 
13.114 1.9 13.114 0 13.114 1.85 13.114 0.632911 13.114 2 13.114 0 13.114 2.15 13.114 0 
13.193 1.9 13.193 0.632911 13.193 1.9 13.193 0 13.193 2 13.193 0 13.193 2.15 13.193 0 
13.272 1.95 13.272 0 13.272 1.9 13.272 0 13.272 2 13.272 0 13.272 2.15 13.272 0 
13.351 1.95 13.351 0 13.351 1.9 13.351 0 13.351 2 13.351 0 13.351 2.15 13.351 0 
13.43 1.95 13.43 0 13.43 1.9 13.43 0 13.43 2 13.43 0 13.43 2.15 13.43 0 
13.509 1.95 13.509 0 13.509 1.9 13.509 0 13.509 2 13.509 0 13.509 2.15 13.509 0 
13.588 1.95 13.588 0.632911 13.588 1.9 13.588 0 13.588 2 13.588 0.632911 13.588 2.15 13.588 0 
13.667 2 13.667 0 13.667 1.9 13.667 0 13.667 2.05 13.667 0 13.667 2.15 13.667 0 
13.746 2 13.746 0 13.746 1.9 13.746 0 13.746 2.05 13.746 0 13.746 2.15 13.746 0 
13.825 2 13.825 0 13.825 1.9 13.825 0 13.825 2.05 13.825 0 13.825 2.15 13.825 0 
13.904 2 13.904 0.632911 13.904 1.9 13.904 0 13.904 2.05 13.904 0 13.904 2.15 13.904 0 
13.983 2.05 13.983 0 13.983 1.9 13.983 0.632911 13.983 2.05 13.983 0 13.983 2.15 13.983 0 
14.062 2.05 14.062 0 14.062 1.95 14.062 0 14.062 2.05 14.062 0.632911 14.062 2.15 14.062 0 
14.141 2.05 14.141 0 14.141 1.95 14.141 0 14.141 2.1 14.141 0 14.141 2.15 14.141 0 
14.22 2.05 14.22 0 14.22 1.95 14.22 0 14.22 2.1 14.22 0 14.22 2.15 14.22 0 
14.299 2.05 14.299 0.632911 14.299 1.95 14.299 0 14.299 2.1 14.299 0 14.299 2.15 14.299 0 
14.378 2.1 14.378 0 14.378 1.95 14.378 0 14.378 2.1 14.378 0 14.378 2.15 14.378 0 
14.457 2.1 14.457 0 14.457 1.95 14.457 0 14.457 2.1 14.457 0 14.457 2.15 14.457 0 
14.536 2.1 14.536 0 14.536 1.95 14.536 0 14.536 2.1 14.536 0.632911 14.536 2.15 14.536 0 
14.615 2.1 14.615 0 14.615 1.95 14.615 0 14.615 2.15 14.615 0 14.615 2.15 14.615 0 
14.694 2.1 14.694 0 14.694 1.95 14.694 0 14.694 2.15 14.694 0 14.694 2.15 14.694 0 
14.773 2.1 14.773 0 14.773 1.95 14.773 0 14.773 2.15 14.773 0.632911 14.773 2.15 14.773 0 
14.852 2.1 14.852 0 14.852 1.95 14.852 0.632911 14.852 2.2 14.852 0 14.852 2.15 14.852 0 
14.931 2.1 14.931 0 14.931 2 14.931 0 14.931 2.2 14.931 0 14.931 2.15 14.931 0 
15.01 2.1 15.01 0 15.01 2 15.01 0 15.01 2.2 15.01 0.632911 15.01 2.15 15.01 0 
15.089 2.1 15.089 0.632911 15.089 2 15.089 0 15.089 2.25 15.089 0 15.089 2.15 15.089 0 
15.168 2.15 15.168 0 15.168 2 15.168 0 15.168 2.25 15.168 0 15.168 2.15 15.168 -0.632911 
15.247 2.15 15.247 0 15.247 2 15.247 0 15.247 2.25 15.247 0 15.247 2.1 15.247 0 
15.326 2.15 15.326 0 15.326 2 15.326 0 15.326 2.25 15.326 0 15.326 2.1 15.326 0 
15.405 2.15 15.405 0 15.405 2 15.405 0 15.405 2.25 15.405 0.632911 15.405 2.1 15.405 0 
15.484 2.15 15.484 0 15.484 2 15.484 0 15.484 2.3 15.484 0 15.484 2.1 15.484 0 
15.563 2.15 15.563 0 15.563 2 15.563 0 15.563 2.3 15.563 0 15.563 2.1 15.563 0 
15.642 2.15 15.642 0 15.642 2 15.642 0 15.642 2.3 15.642 0 15.642 2.1 15.642 0 
15.721 2.15 15.721 0 15.721 2 15.721 -0.632911 15.721 2.3 15.721 0 15.721 2.1 15.721 0 
15.8 2.15 15.8 0.632911 15.8 1.95 15.8 0 15.8 2.3 15.8 0 15.8 2.1 15.8 0 
15.879 2.2 15.879 0 15.879 1.95 15.879 0 15.879 2.3 15.879 0 15.879 2.1 15.879 0 
15.958 2.2 15.958 0 15.958 1.95 15.958 0 15.958 2.3 15.958 0 15.958 2.1 15.958 0 
16.037 2.2 16.037 0 16.037 1.95 16.037 0 16.037 2.3 16.037 0 16.037 2.1 16.037 0 
16.116 2.2 16.116 0 16.116 1.95 16.116 0 16.116 2.3 16.116 0 16.116 2.1 16.116 0 
16.195 2.2 16.195 0 16.195 1.95 16.195 0 16.195 2.3 16.195 0 16.195 2.1 16.195 0 
16.274 2.2 16.274 0 16.274 1.95 16.274 0 16.274 2.3 16.274 0 16.274 2.1 16.274 0 
16.3531 2.2 16.3531 0 16.3531 1.95 16.3531 0 16.3531 2.3 16.3531 0 16.3531 2.1 16.3531 0 
16.4321 2.2 16.4321 0 16.4321 1.95 16.4321 0 16.4321 2.3 16.4321 0 16.4321 2.1 16.4321 0 
16.5111 2.2 16.5111 0 16.5111 1.95 16.5111 0.632911 16.5111 2.3 16.5111 0 16.5111 2.1 16.5111 0 
16.5901 2.2 16.5901 0 16.5901 2 16.5901 0 16.5901 2.3 16.5901 0 16.5901 2.1 16.5901 0 
16.6691 2.2 16.6691 0 16.6691 2 16.6691 0 16.6691 2.3 16.6691 0 16.6691 2.1 16.6691 0 
16.7481 2.2 16.7481 0 16.7481 2 16.7481 0 16.7481 2.3 16.7481 0 16.7481 2.1 16.7481 0 
16.8271 2.2 16.8271 0.632911 16.8271 2 16.8271 0 16.8271 2.3 16.8271 0 16.8271 2.1 16.8271 0.632911 
16.9061 2.25 16.9061 0 16.9061 2 16.9061 0 16.9061 2.3 16.9061 0 16.9061 2.15 16.9061 0 
16.9851 2.25 16.9851 0 16.9851 2 16.9851 0 16.9851 2.3 16.9851 0 16.9851 2.15 16.9851 0 
17.0641 2.25 17.0641 0 17.0641 2 17.0641 0.632911 17.0641 2.3 17.0641 0 17.0641 2.15 17.0641 0 
17.1431 2.25 17.1431 0 17.1431 2.05 17.1431 0 17.1431 2.3 17.1431 -0.632911 17.1431 2.15 17.1431 0 
17.2221 2.25 17.2221 0 17.2221 2.05 17.2221 0 17.2221 2.25 17.2221 0 17.2221 2.15 17.2221 0.632911 
17.3011 2.25 17.3011 0 17.3011 2.05 17.3011 0 17.3011 2.25 17.3011 0 17.3011 2.2 17.3011 0 
17.3801 2.25 17.3801 0 17.3801 2.05 17.3801 0 17.3801 2.25 17.3801 0 17.3801 2.2 17.3801 0 
17.4591 2.25 17.4591 0 17.4591 2.05 17.4591 0 17.4591 2.25 17.4591 0 17.4591 2.2 17.4591 0.632911 
17.5381 2.25 17.5381 0 17.5381 2.05 17.5381 0.632911 17.5381 2.25 17.5381 0 17.5381 2.25 17.5381 0 
17.6171 2.25 17.6171 0 17.6171 2.1 17.6171 0 17.6171 2.25 17.6171 -0.632911 17.6171 2.25 17.6171 0 
17.6961 2.25 17.6961 0 17.6961 2.1 17.6961 0 17.6961 2.2 17.6961 0 17.6961 2.25 17.6961 0 
17.7751 2.25 17.7751 0 17.7751 2.1 17.7751 0 17.7751 2.2 17.7751 0 17.7751 2.25 17.7751 0.632911 
17.8541 2.25 17.8541 0 17.8541 2.1 17.8541 0 17.8541 2.2 17.8541 0 17.8541 2.3 17.8541 0 
17.9331 2.25 17.9331 0 17.9331 2.1 17.9331 0 17.9331 2.2 17.9331 0 17.9331 2.3 17.9331 0 
18.0121 2.25 18.0121 0 18.0121 2.1 18.0121 0.632911 18.0121 2.2 18.0121 0 18.0121 2.3 18.0121 0 
18.0911 2.25 18.0911 0 18.0911 2.15 18.0911 0 18.0911 2.2 18.0911 -0.632911 18.0911 2.3 18.0911 0 
18.1701 2.25 18.1701 0 18.1701 2.15 18.1701 0 18.1701 2.15 18.1701 0 18.1701 2.3 18.1701 0.632911 
18.2491 2.25 18.2491 0 18.2491 2.15 18.2491 0 18.2491 2.15 18.2491 0 18.2491 2.35 18.2491 0 
18.3281 2.25 18.3281 0 18.3281 2.15 18.3281 0 18.3281 2.15 18.3281 0 18.3281 2.35 18.3281 0 
18.4071 2.25 18.4071 0 18.4071 2.15 18.4071 0.632911 18.4071 2.15 18.4071 0 18.4071 2.35 18.4071 0 
18.4861 2.25 18.4861 0 18.4861 2.2 18.4861 0 18.4861 2.15 18.4861 0 18.4861 2.35 18.4861 0.632911 
18.5651 2.25 18.5651 0 18.5651 2.2 18.5651 0 18.5651 2.15 18.5651 0 18.5651 2.4 18.5651 0 
18.6441 2.25 18.6441 0 18.6441 2.2 18.6441 0 18.6441 2.15 18.6441 0 18.6441 2.4 18.6441 0 
18.7231 2.25 18.7231 0 18.7231 2.2 18.7231 0.632911 18.7231 2.15 18.7231 0 18.7231 2.4 18.7231 0.632911 
18.8021 2.25 18.8021 0 18.8021 2.25 18.8021 0 18.8021 2.15 18.8021 0 18.8021 2.45 18.8021 0 
18.8811 2.25 18.8811 0 18.8811 2.25 18.8811 0 18.8811 2.15 18.8811 0 18.8811 2.45 18.8811 0.632911 
18.9601 2.25 18.9601 0 18.9601 2.25 18.9601 0 18.9601 2.15 18.9601 0 18.9601 2.5 18.9601 0 
19.0391 2.25 19.0391 0 19.0391 2.25 19.0391 0 19.0391 2.15 19.0391 0 19.0391 2.5 19.0391 0 
19.1181 2.25 19.1181 0 19.1181 2.25 19.1181 0.632911 19.1181 2.15 19.1181 0 19.1181 2.5 19.1181 0 
19.1971 2.25 19.1971 0 19.1971 2.3 19.1971 0 19.1971 2.15 19.1971 0 19.1971 2.5 19.1971 0.632911 
19.2761 2.25 19.2761 0 19.2761 2.3 19.2761 0 19.2761 2.15 19.2761 0 19.2761 2.55 19.2761 0 
19.3551 2.25 19.3551 0 19.3551 2.3 19.3551 0 19.3551 2.15 19.3551 0 19.3551 2.55 19.3551 0 
19.4341 2.25 19.4341 0 19.4341 2.3 19.4341 0 19.4341 2.15 19.4341 0 19.4341 2.55 19.4341 0.632911 
19.5131 2.25 19.5131 0 19.5131 2.3 19.5131 0 19.5131 2.15 19.5131 0 19.5131 2.6 19.5131 0 
19.5921 2.25 19.5921 0 19.5921 2.3 19.5921 0.632911 19.5921 2.15 19.5921 0.632911 19.5921 2.6 19.5921 0 
19.6711 2.25 19.6711 0 19.6711 2.35 19.6711 0 19.6711 2.2 19.6711 0 19.6711 2.6 19.6711 0 
19.7501 2.25 19.7501 0 19.7501 2.35 19.7501 0 19.7501 2.2 19.7501 0 19.7501 2.6 19.7501 0.632911 
19.8291 2.25 19.8291 0 19.8291 2.35 19.8291 0 19.8291 2.2 19.8291 0 19.8291 2.65 19.8291 0 
19.9081 2.25 19.9081 -0.632911 19.9081 2.35 19.9081 0 19.9081 2.2 19.9081 0 19.9081 2.65 19.9081 0 
19.9871 2.2 19.9871 0 19.9871 2.35 19.9871 0 19.9871 2.2 19.9871 0.632911 19.9871 2.65 19.9871 0 
20.0661 2.2 20.0661 0 20.0661 2.35 20.0661 0 20.0661 2.25 20.0661 0 20.0661 2.65 20.0661 0.632911 
20.1451 2.2 20.1451 0 20.1451 2.35 20.1451 0 20.1451 2.25 20.1451 0 20.1451 2.7 20.1451 0 
20.2241 2.2 20.2241 0 20.2241 2.35 20.2241 0 20.2241 2.25 20.2241 0.632911 20.2241 2.7 20.2241 0 
20.3031 2.2 20.3031 0 20.3031 2.35 20.3031 0 20.3031 2.3 20.3031 0 20.3031 2.7 20.3031 0 
20.3821 2.2 20.3821 0 20.3821 2.35 20.3821 0 20.3821 2.3 20.3821 0 20.3821 2.7 20.3821 0 
20.4611 2.2 20.4611 0 20.4611 2.35 20.4611 0 20.4611 2.3 20.4611 0.632911 20.4611 2.7 20.4611 0.632911 
20.5401 2.2 20.5401 0 20.5401 2.35 20.5401 0 20.5401 2.35 20.5401 0 20.5401 2.75 20.5401 0 
20.6191 2.2 20.6191 0 20.6191 2.35 20.6191 0 20.6191 2.35 20.6191 0 20.6191 2.75 20.6191 0 
20.6981 2.2 20.6981 0 20.6981 2.35 20.6981 0 20.6981 2.35 20.6981 0 20.6981 2.75 20.6981 0 
20.7771 2.2 20.7771 0 20.7771 2.35 20.7771 0 20.7771 2.35 20.7771 0.632911 20.7771 2.75 20.7771 0 
20.8561 2.2 20.8561 -0.632911 20.8561 2.35 20.8561 0 20.8561 2.4 20.8561 0 20.8561 2.75 20.8561 0.632911 
20.9351 2.15 20.9351 0 20.9351 2.35 20.9351 0 20.9351 2.4 20.9351 0.632911 20.9351 2.8 20.9351 0 
21.0141 2.15 21.0141 0 21.0141 2.35 21.0141 0 21.0141 2.45 21.0141 0 21.0141 2.8 21.0141 0.632911 
21.0931 2.15 21.0931 0 21.0931 2.35 21.0931 0 21.0931 2.45 21.0931 0.632911 21.0931 2.85 21.0931 0 
21.1721 2.15 21.1721 0 21.1721 2.35 21.1721 0 21.1721 2.5 21.1721 0 21.1721 2.85 21.1721 0 
21.2511 2.15 21.2511 0 21.2511 2.35 21.2511 0 21.2511 2.5 21.2511 0 21.2511 2.85 21.2511 0 
21.3301 2.15 21.3301 0 21.3301 2.35 21.3301 0 21.3301 2.5 21.3301 0.632911 21.3301 2.85 21.3301 0.632911 
21.4091 2.15 21.4091 0 21.4091 2.35 21.4091 0 21.4091 2.55 21.4091 0 21.4091 2.9 21.4091 0 
21.4881 2.15 21.4881 0 21.4881 2.35 21.4881 0 21.4881 2.55 21.4881 0.632911 21.4881 2.9 21.4881 0 
21.5671 2.15 21.5671 0 21.5671 2.35 21.5671 0 21.5671 2.6 21.5671 0 21.5671 2.9 21.5671 0 
21.6461 2.15 21.6461 0 21.6461 2.35 21.6461 0 21.6461 2.6 21.6461 0 21.6461 2.9 21.6461 0 
21.7251 2.15 21.7251 0 21.7251 2.35 21.7251 0 21.7251 2.6 21.7251 0.632911 21.7251 2.9 21.7251 0 
21.8041 2.15 21.8041 0 21.8041 2.35 21.8041 0 21.8041 2.65 21.8041 0 21.8041 2.9 21.8041 0.632911 
21.8831 2.15 21.8831 0 21.8831 2.35 21.8831 0 21.8831 2.65 21.8831 0 21.8831 2.95 21.8831 0 
21.9621 2.15 21.9621 0 21.9621 2.35 21.9621 0 21.9621 2.65 21.9621 0.632911 21.9621 2.95 21.9621 0 
22.0411 2.15 22.0411 -0.632911 22.0411 2.35 22.0411 0 22.0411 2.7 22.0411 0 22.0411 2.95 22.0411 0 
22.1201 2.1 22.1201 0 22.1201 2.35 22.1201 -0.632911 22.1201 2.7 22.1201 0.632911 22.1201 2.95 22.1201 0 
22.1991 2.1 22.1991 0 22.1991 2.3 22.1991 0 22.1991 2.75 22.1991 0 22.1991 2.95 22.1991 0 
22.2781 2.1 22.2781 0 22.2781 2.3 22.2781 0 22.2781 2.75 22.2781 0 22.2781 2.95 22.2781 0 
22.3571 2.1 22.3571 0 22.3571 2.3 22.3571 0 22.3571 2.75 22.3571 0.632911 22.3571 2.95 22.3571 0 
22.4361 2.1 22.4361 0 22.4361 2.3 22.4361 0 22.4361 2.8 22.4361 0 22.4361 2.95 22.4361 0.632911 
22.5151 2.1 22.5151 0 22.5151 2.3 22.5151 0 22.5151 2.8 22.5151 0 22.5151 3 22.5151 0 
22.5941 2.1 22.5941 0 22.5941 2.3 22.5941 0 22.5941 2.8 22.5941 0.632911 22.5941 3 22.5941 0 
22.6731 2.1 22.6731 0 22.6731 2.3 22.6731 0 22.6731 2.85 22.6731 0 22.6731 3 22.6731 0 
22.7521 2.1 22.7521 0 22.7521 2.3 22.7521 -0.632911 22.7521 2.85 22.7521 0.632911 22.7521 3 22.7521 0 
22.8311 2.1 22.8311 0 22.8311 2.25 22.8311 0 22.8311 2.9 22.8311 0 22.8311 3 22.8311 0 
22.9101 2.1 22.9101 0 22.9101 2.25 22.9101 0 22.9101 2.9 22.9101 0 22.9101 3 22.9101 0 
22.9891 2.1 22.9891 0 22.9891 2.25 22.9891 0 22.9891 2.9 22.9891 0.632911 22.9891 3 22.9891 0 
23.0681 2.1 23.0681 0 23.0681 2.25 23.0681 0 23.0681 2.95 23.0681 0 23.0681 3 23.0681 0.632911 
23.1471 2.1 23.1471 0 23.1471 2.25 23.1471 0 23.1471 2.95 23.1471 0 23.1471 3.05 23.1471 0 
23.2261 2.1 23.2261 0 23.2261 2.25 23.2261 -0.632911 23.2261 2.95 23.2261 0.632911 23.2261 3.05 23.2261 0 
23.3051 2.1 23.3051 0 23.3051 2.2 23.3051 0 23.3051 3 23.3051 0 23.3051 3.05 23.3051 0 
23.3841 2.1 23.3841 0 23.3841 2.2 23.3841 0 23.3841 3 23.3841 0 23.3841 3.05 23.3841 0 
23.4631 2.1 23.4631 0 23.4631 2.2 23.4631 0 23.4631 3 23.4631 0 23.4631 3.05 23.4631 0 
23.5421 2.1 23.5421 0 23.5421 2.2 23.5421 0 23.5421 3 23.5421 0.632911 23.5421 3.05 23.5421 0.632911 
23.6211 2.1 23.6211 0 23.6211 2.2 23.6211 0 23.6211 3.05 23.6211 0 23.6211 3.1 23.6211 0 
23.7001 2.1 23.7001 0 23.7001 2.2 23.7001 0 23.7001 3.05 23.7001 0 23.7001 3.1 23.7001 0 
23.7791 2.1 23.7791 0 23.7791 2.2 23.7791 -0.632911 23.7791 3.05 23.7791 0.632911 23.7791 3.1 23.7791 0 
23.8581 2.1 23.8581 0 23.8581 2.15 23.8581 0 23.8581 3.1 23.8581 0 23.8581 3.1 23.8581 0 
23.9371 2.1 23.9371 0.632911 23.9371 2.15 23.9371 0 23.9371 3.1 23.9371 0 23.9371 3.1 23.9371 0 
24.0161 2.15 24.0161 0 24.0161 2.15 24.0161 0 24.0161 3.1 24.0161 0 24.0161 3.1 24.0161 0.632911 
24.0951 2.15 24.0951 0 24.0951 2.15 24.0951 0 24.0951 3.1 24.0951 0.632911 24.0951 3.15 24.0951 0 
24.1741 2.15 24.1741 0 24.1741 2.15 24.1741 0 24.1741 3.15 24.1741 0 24.1741 3.15 24.1741 0 
24.2531 2.15 24.2531 0 24.2531 2.15 24.2531 0 24.2531 3.15 24.2531 0 24.2531 3.15 24.2531 0 
24.3321 2.15 24.3321 0 24.3321 2.15 24.3321 0 24.3321 3.15 24.3321 0 24.3321 3.15 24.3321 0 
24.4111 2.15 24.4111 0 24.4111 2.15 24.4111 0 24.4111 3.15 24.4111 0 24.4111 3.15 24.4111 0 
24.4901 2.15 24.4901 0 24.4901 2.15 24.4901 0 24.4901 3.15 24.4901 0.632911 24.4901 3.15 24.4901 0 
24.5691 2.15 24.5691 0.632911 24.5691 2.15 24.5691 0 24.5691 3.2 24.5691 0 24.5691 3.15 24.5691 0 
24.6481 2.2 24.6481 0 24.6481 2.15 24.6481 0 24.6481 3.2 24.6481 0 24.6481 3.15 24.6481 0 
24.7271 2.2 24.7271 0 24.7271 2.15 24.7271 0 24.7271 3.2 24.7271 0 24.7271 3.15 24.7271 0.632911 
24.8061 2.2 24.8061 0 24.8061 2.15 24.8061 0 24.8061 3.2 24.8061 0 24.8061 3.2 24.8061 0 
24.8851 2.2 24.8851 0 24.8851 2.15 24.8851 0 24.8851 3.2 24.8851 0 24.8851 3.2 24.8851 0 
24.9641 2.2 24.9641 0 24.9641 2.15 24.9641 0 24.9641 3.2 24.9641 0 24.9641 3.2 24.9641 0 
25.0431 2.2 25.0431 0.632911 25.0431 2.15 25.0431 0 25.0431 3.2 25.0431 0 25.0431 3.2 25.0431 0 
25.1221 2.25 25.1221 0 25.1221 2.15 25.1221 0 25.1221 3.2 25.1221 0 25.1221 3.2 25.1221 0 
25.2011 2.25 25.2011 0 25.2011 2.15 25.2011 0 25.2011 3.2 25.2011 0 25.2011 3.2 25.2011 0 
25.2801 2.25 25.2801 0 25.2801 2.15 25.2801 0 25.2801 3.2 25.2801 0 25.2801 3.2 25.2801 0 
25.3591 2.25 25.3591 0 25.3591 2.15 25.3591 0 25.3591 3.2 25.3591 0 25.3591 3.2 25.3591 0 
25.4381 2.25 25.4381 0.632911 25.4381 2.15 25.4381 0 25.4381 3.2 25.4381 0 25.4381 3.2 25.4381 0 
25.5171 2.3 25.5171 0 25.5171 2.15 25.5171 0 25.5171 3.2 25.5171 0 25.5171 3.2 25.5171 0 
25.5961 2.3 25.5961 0 25.5961 2.15 25.5961 0 25.5961 3.2 25.5961 0 25.5961 3.2 25.5961 0 
25.6751 2.3 25.6751 0 25.6751 2.15 25.6751 0 25.6751 3.2 25.6751 0 25.6751 3.2 25.6751 0 
25.7541 2.3 25.7541 0 25.7541 2.15 25.7541 0.632911 25.7541 3.2 25.7541 0 25.7541 3.2 25.7541 0 
25.8331 2.3 25.8331 0.632911 25.8331 2.2 25.8331 0 25.8331 3.2 25.8331 0 25.8331 3.2 25.8331 0 
25.9121 2.35 25.9121 0 25.9121 2.2 25.9121 0 25.9121 3.2 25.9121 0 25.9121 3.2 25.9121 0 
25.9911 2.35 25.9911 0 25.9911 2.2 25.9911 0 25.9911 3.2 25.9911 0 25.9911 3.2 25.9911 0 
26.0701 2.35 26.0701 0 26.0701 2.2 26.0701 0 26.0701 3.2 26.0701 0 26.0701 3.2 26.0701 0 
26.1491 2.35 26.1491 0 26.1491 2.2 26.1491 0 26.1491 3.2 26.1491 0 26.1491 3.2 26.1491 0 
26.2281 2.35 26.2281 0 26.2281 2.2 26.2281 0.632911 26.2281 3.2 26.2281 0 26.2281 3.2 26.2281 0 
26.3071 2.35 26.3071 0 26.3071 2.25 26.3071 0 26.3071 3.2 26.3071 0 26.3071 3.2 26.3071 0 
26.3861 2.35 26.3861 0.632911 26.3861 2.25 26.3861 0 26.3861 3.2 26.3861 0 26.3861 3.2 26.3861 0 
26.4651 2.4 26.4651 0 26.4651 2.25 26.4651 0 26.4651 3.2 26.4651 0 26.4651 3.2 26.4651 0 
26.5441 2.4 26.5441 0 26.5441 2.25 26.5441 0 26.5441 3.2 26.5441 0 26.5441 3.2 26.5441 0 
26.6231 2.4 26.6231 0 26.6231 2.25 26.6231 0.632911 26.6231 3.2 26.6231 0 26.6231 3.2 26.6231 0 
26.7021 2.4 26.7021 0.632911 26.7021 2.3 26.7021 0 26.7021 3.2 26.7021 0 26.7021 3.2 26.7021 0 
26.7811 2.45 26.7811 0 26.7811 2.3 26.7811 0 26.7811 3.2 26.7811 0 26.7811 3.2 26.7811 0 
26.8601 2.45 26.8601 0 26.8601 2.3 26.8601 0 26.8601 3.2 26.8601 0 26.8601 3.2 26.8601 0 
26.9391 2.45 26.9391 0 26.9391 2.3 26.9391 0 26.9391 3.2 26.9391 0 26.9391 3.2 26.9391 0 
27.0181 2.45 27.0181 0 27.0181 2.3 27.0181 0.632911 27.0181 3.2 27.0181 0 27.0181 3.2 27.0181 0 
27.0971 2.45 27.0971 0 27.0971 2.35 27.0971 0 27.0971 3.2 27.0971 0 27.0971 3.2 27.0971 0 
27.1761 2.45 27.1761 0.632911 27.1761 2.35 27.1761 0 27.1761 3.2 27.1761 0 27.1761 3.2 27.1761 0 
27.2551 2.5 27.2551 0 27.2551 2.35 27.2551 0 27.2551 3.2 27.2551 0 27.2551 3.2 27.2551 0 
27.3341 2.5 27.3341 0 27.3341 2.35 27.3341 0 27.3341 3.2 27.3341 0 27.3341 3.2 27.3341 0 
27.4131 2.5 27.4131 0 27.4131 2.35 27.4131 0 27.4131 3.2 27.4131 0 27.4131 3.2 27.4131 0 
27.4921 2.5 27.4921 0.632911 27.4921 2.35 27.4921 0.632911 27.4921 3.2 27.4921 0 27.4921 3.2 27.4921 0 
27.5711 2.55 27.5711 0 27.5711 2.4 27.5711 0 27.5711 3.2 27.5711 0 27.5711 3.2 27.5711 0 
27.6501 2.55 27.6501 0 27.6501 2.4 27.6501 0 27.6501 3.2 27.6501 0 27.6501 3.2 27.6501 0 
27.7291 2.55 27.7291 0 27.7291 2.4 27.7291 0 27.7291 3.2 27.7291 0 27.7291 3.2 27.7291 0 
27.8081 2.55 27.8081 0.632911 27.8081 2.4 27.8081 0.632911 27.8081 3.2 27.8081 0 27.8081 3.2 27.8081 0 
27.8871 2.6 27.8871 0 27.8871 2.45 27.8871 0 27.8871 3.2 27.8871 0 27.8871 3.2 27.8871 0 
27.9661 2.6 27.9661 0 27.9661 2.45 27.9661 0 27.9661 3.2 27.9661 0 27.9661 3.2 27.9661 0 
28.0451 2.6 28.0451 0 28.0451 2.45 28.0451 0 28.0451 3.2 28.0451 0 28.0451 3.2 28.0451 0 
28.1241 2.6 28.1241 0.632911 28.1241 2.45 28.1241 0.632911 28.1241 3.2 28.1241 0 28.1241 3.2 28.1241 0 
28.2031 2.65 28.2031 0 28.2031 2.5 28.2031 0 28.2031 3.2 28.2031 0 28.2031 3.2 28.2031 0 
28.2821 2.65 28.2821 0 28.2821 2.5 28.2821 0.632911 28.2821 3.2 28.2821 0 28.2821 3.2 28.2821 0 
28.3611 2.65 28.3611 0 28.3611 2.55 28.3611 0 28.3611 3.2 28.3611 0 28.3611 3.2 28.3611 0 
28.4401 2.65 28.4401 0 28.4401 2.55 28.4401 0 28.4401 3.2 28.4401 0 28.4401 3.2 28.4401 0 
28.5191 2.65 28.5191 0.632911 28.5191 2.55 28.5191 0 28.5191 3.2 28.5191 0 28.5191 3.2 28.5191 0 
28.5981 2.7 28.5981 0 28.5981 2.55 28.5981 0.632911 28.5981 3.2 28.5981 0 28.5981 3.2 28.5981 0 
28.6771 2.7 28.6771 0 28.6771 2.6 28.6771 0 28.6771 3.2 28.6771 0 28.6771 3.2 28.6771 0 
28.7561 2.7 28.7561 0 28.7561 2.6 28.7561 0 28.7561 3.2 28.7561 0 28.7561 3.2 28.7561 0 
28.8351 2.7 28.8351 0.632911 28.8351 2.6 28.8351 0.632911 28.8351 3.2 28.8351 0 28.8351 3.2 28.8351 0 
28.9141 2.75 28.9141 0 28.9141 2.65 28.9141 0 28.9141 3.2 28.9141 0 28.9141 3.2 28.9141 0 
28.9931 2.75 28.9931 0 28.9931 2.65 28.9931 0 28.9931 3.2 28.9931 0 28.9931 3.2 28.9931 0 
29.0721 2.75 29.0721 0 29.0721 2.65 29.0721 0 29.0721 3.2 29.0721 0 29.0721 3.2 29.0721 0 
29.1511 2.75 29.1511 0.632911 29.1511 2.65 29.1511 0.632911 29.1511 3.2 29.1511 0 29.1511 3.2 29.1511 0 
29.2301 2.8 29.2301 0 29.2301 2.7 29.2301 0 29.2301 3.2 29.2301 0 29.2301 3.2 29.2301 0 
29.3091 2.8 29.3091 0 29.3091 2.7 29.3091 0 29.3091 3.2 29.3091 0 29.3091 3.2 29.3091 0 
29.3881 2.8 29.3881 0 29.3881 2.7 29.3881 0 29.3881 3.2 29.3881 0 29.3881 3.2 29.3881 0 
29.4671 2.8 29.4671 0.632911 29.4671 2.7 29.4671 0.632911 29.4671 3.2 29.4671 0 29.4671 3.2 29.4671 0 
29.5461 2.85 29.5461 0 29.5461 2.75 29.5461 0 29.5461 3.2 29.5461 0 29.5461 3.2 29.5461 0 
29.6251 2.85 29.6251 0 29.6251 2.75 29.6251 0 29.6251 3.2 29.6251 0 29.6251 3.2 29.6251 0 
29.7041 2.85 29.7041 0 29.7041 2.75 29.7041 0.632911 29.7041 3.2 29.7041 0 29.7041 3.2 29.7041 0 
29.7831 2.85 29.7831 0 29.7831 2.8 29.7831 0 29.7831 3.2 29.7831 0 29.7831 3.2 29.7831 0 
29.8621 2.85 29.8621 0.632911 29.8621 2.8 29.8621 0 29.8621 3.2 29.8621 0 29.8621 3.2 29.8621 0 
29.9411 2.9 29.9411 0 29.9411 2.8 29.9411 0 29.9411 3.2 29.9411 0 29.9411 3.2 29.9411 0 
30.0201 2.9 30.0201 0 30.0201 2.8 30.0201 0.632911 30.0201 3.2 30.0201 0 30.0201 3.2 30.0201 0 
30.0991 2.9 30.0991 0.632911 30.0991 2.85 30.0991 0 30.0991 3.2 30.0991 0 30.0991 3.2 30.0991 0 
30.1781 2.95 30.1781 0 30.1781 2.85 30.1781 0 30.1781 3.2 30.1781 0 30.1781 3.2 30.1781 0 
30.2571 2.95 30.2571 0 30.2571 2.85 30.2571 0.632911 30.2571 3.2 30.2571 0 30.2571 3.2 30.2571 0 
30.3361 2.95 30.3361 0 30.3361 2.9 30.3361 0 30.3361 3.2 30.3361 0 30.3361 3.2 30.3361 0 
30.4151 2.95 30.4151 0 30.4151 2.9 30.4151 0 30.4151 3.2 30.4151 0 30.4151 3.2 30.4151 0 
30.4941 2.95 30.4941 0.632911 30.4941 2.9 30.4941 0 30.4941 3.2 30.4941 0 30.4941 3.2 30.4941 0 
30.5731 3 30.5731 0 30.5731 2.9 30.5731 0.632911 30.5731 3.2 30.5731 0 30.5731 3.2 30.5731 0 
30.6521 3 30.6521 0 30.6521 2.95 30.6521 0 30.6521 3.2 30.6521 0 30.6521 3.2 30.6521 0 
30.7311 3 30.7311 0 30.7311 2.95 30.7311 0 30.7311 3.2 30.7311 0 30.7311 3.2 30.7311 0 
30.8101 3 30.8101 0.632911 30.8101 2.95 30.8101 0.632911 30.8101 3.2 30.8101 0 30.8101 3.2 30.8101 0 
30.8891 3.05 30.8891 0 30.8891 3 30.8891 0 30.8891 3.2 30.8891 0 30.8891 3.2 30.8891 0 
30.9681 3.05 30.9681 0 30.9681 3 30.9681 0 30.9681 3.2 30.9681 0 30.9681 3.2 30.9681 0 
31.0471 3.05 31.0471 0 31.0471 3 31.0471 0 31.0471 3.2 31.0471 0 31.0471 3.2 31.0471 0 
31.1261 3.05 31.1261 0 31.1261 3 31.1261 0.632911 31.1261 3.2 31.1261 0 31.1261 3.2 31.1261 0 
31.2051 3.05 31.2051 0.632911 31.2051 3.05 31.2051 0 31.2051 3.2 31.2051 0 31.2051 3.2 31.2051 0 
31.2841 3.1 31.2841 0 31.2841 3.05 31.2841 0 31.2841 3.2 31.2841 0 31.2841 3.2 31.2841 0 
31.3631 3.1 31.3631 0 31.3631 3.05 31.3631 0 31.3631 3.2 31.3631 0 31.3631 3.2 31.3631 0 
31.4421 3.1 31.4421 0 31.4421 3.05 31.4421 0.632911 31.4421 3.2 31.4421 0 31.4421 3.2 31.4421 0 
31.5211 3.1 31.5211 0 31.5211 3.1 31.5211 0 31.5211 3.2 31.5211 0 31.5211 3.2 31.5211 0 
31.6001 3.1 31.6001 0 31.6001 3.1 31.6001 0 31.6001 3.2 31.6001 0 31.6001 3.2 31.6001 0 
31.6791 3.1 31.6791 0 31.6791 3.1 31.6791 0 31.6791 3.2 31.6791 0 31.6791 3.2 31.6791 0 
31.7581 3.1 31.7581 0.632911 31.7581 3.1 31.7581 0.632911 31.7581 3.2 31.7581 0 31.7581 3.2 31.7581 0 
31.8371 3.15 31.8371 0 31.8371 3.15 31.8371 0 31.8371 3.2 31.8371 0 31.8371 3.2 31.8371 0 
31.9161 3.15 31.9161 0 31.9161 3.15 31.9161 0 31.9161 3.2 31.9161 0 31.9161 3.2 31.9161 0 
31.9951 3.15 31.9951 0 31.9951 3.15 31.9951 0 31.9951 3.2 31.9951 0 31.9951 3.2 31.9951 0 
32.0741 3.15 32.0741 0 32.0741 3.15 32.0741 0 32.0741 3.2 32.0741 0 32.0741 3.2 32.0741 0 
32.1531 3.15 32.1531 0 32.1531 3.15 32.1531 0 32.1531 3.2 32.1531 0 32.1531 3.2 32.1531 0 
32.2321 3.15 32.2321 0 32.2321 3.15 32.2321 0.632911 32.2321 3.2 32.2321 0 32.2321 3.2 32.2321 0 
32.3111 3.15 32.3111 0 32.3111 3.2 32.3111 0 32.3111 3.2 32.3111 0 32.3111 3.2 32.3111 0 
32.3901 3.15 32.3901 0 32.3901 3.2 32.3901 0 32.3901 3.2 32.3901 0 32.3901 3.2 32.3901 0 
32.4691 3.15 32.4691 0.632911 32.4691 3.2 32.4691 0 32.4691 3.2 32.4691 0 32.4691 3.2 32.4691 0 
32.5481 3.2 32.5481 0 32.5481 3.2 32.5481 0 32.5481 3.2 32.5481 0 32.5481 3.2 32.5481 0 
32.6271 3.2 32.6271 0 32.6271 3.2 32.6271 0 32.6271 3.2 32.6271 0 32.6271 3.2 32.6271 0 
32.7061 3.2 32.7061 0 32.7061 3.2 32.7061 0 32.7061 3.2 32.7061 0 32.7061 3.2 32.7061 0 
32.7851 3.2 32.7851 0 32.7851 3.2 32.7851 0 32.7851 3.2 32.7851 0 32.7851 3.2 32.7851 0 
32.8641 3.2 32.8641 0 32.8641 3.2 32.8641 0 32.8641 3.2 32.8641 0 32.8641 3.2 32.8641 0 
32.9431 3.2 32.9431 0 32.9431 3.2 32.9431 0 32.9431 3.2 32.9431 0 32.9431 3.2 32.9431 0 
33.0221 3.2 33.0221 0 33.0221 3.2 33.0221 0 33.0221 3.2 33.0221 0 33.0221 3.2 33.0221 0 
33.1011 3.2 33.1011 0 33.1011 3.2 33.1011 0 33.1011 3.2 33.1011 0 33.1011 3.2 33.1011 0 
33.1801 3.2 33.1801 0 33.1801 3.2 33.1801 0 33.1801 3.2 33.1801 0 33.1801 3.2 33.1801 0 
33.2591 3.2 33.2591 0 33.2591 3.2 33.2591 0 33.2591 3.2 33.2591 0 33.2591 3.2 33.2591 0 
33.3381 3.2 33.3381 0 33.3381 3.2 33.3381 0 33.3381 3.2 33.3381 0 33.3381 3.2 33.3381 0 
33.4171 3.2 33.4171 0 33.4171 3.2 33.4171 0 33.4171 3.2 33.4171 0 33.4171 3.2 33.4171 0 
33.4961 3.2 33.4961 0 33.4961 3.2 33.4961 0 33.4961 3.2 33.4961 0 33.4961 3.2 33.4961 0 
33.5751 3.2 33.5751 0 33.5751 3.2 33.5751 0 33.5751 3.2 33.5751 0 33.5751 3.2 33.5751 0 
33.6541 3.2 33.6541 0 33.6541 3.2 33.6541 0 33.6541 3.2 33.6541 0 33.6541 3.2 33.6541 0 
33.7331 3.2 33.7331 0 33.7331 3.2 33.7331 0 33.7331 3.2 33.7331 0 33.7331 3.2 33.7331 0 
33.8121 3.2 33.8121 0 33.8121 3.2 33.8121 0 33.8121 3.2 33.8121 0 33.8121 3.2 33.8121 0 
33.8911 3.2 33.8911 0 33.8911 3.2 33.8911 0 33.8911 3.2 33.8911 0 33.8911 3.2 33.8911 0 
33.9701 3.2 33.9701 0 33.9701 3.2 33.9701 0 33.9701 3.2 33.9701 0 33.9701 3.2 33.9701 0 
34.0491 3.2 34.0491 0 34.0491 3.2 34.0491 0 34.0491 3.2 34.0491 0 34.0491 3.2 34.0491 0 
34.1281 3.2 34.1281 0 34.1281 3.2 34.1281 0 34.1281 3.2 34.1281 0 34.1281 3.2 34.1281 0 
34.2071 3.2 34.2071 0 34.2071 3.2 34.2071 0 34.2071 3.2 34.2071 0 34.2071 3.2 34.2071 0 
34.2861 3.2 34.2861 0 34.2861 3.2 34.2861 0 34.2861 3.2 34.2861 0 34.2861 3.2 34.2861 0 
34.3651 3.2 34.3651 0 34.3651 3.2 34.3651 0 34.3651 3.2 34.3651 0 34.3651 3.2 34.3651 0 
34.4441 3.2 34.4441 0 34.4441 3.2 34.4441 0 34.4441 3.2 34.4441 0 34.4441 3.2 34.4441 0 
34.5231 3.2 34.5231 0 34.5231 3.2 34.5231 0 34.5231 3.2 34.5231 0 34.5231 3.2 34.5231 0 
34.6021 3.2 34.6021 0 34.6021 3.2 34.6021 0 34.6021 3.2 34.6021 0 34.6021 3.2 34.6021 0 
34.6811 3.2 34.6811 0 34.6811 3.2 34.6811 0 34.6811 3.2 34.6811 -0.632911 34.6811 3.2 34.6811 0 
34.7601 3.2 34.7601 0 34.7601 3.2 34.7601 0 34.7601 3.15 34.7601 0 34.7601 3.2 34.7601 0 
34.8391 3.2 34.8391 0 34.8391 3.2 34.8391 0 34.8391 3.15 34.8391 0 34.8391 3.2 34.8391 0 
34.9181 3.2 34.9181 0 34.9181 3.2 34.9181 0 34.9181 3.15 34.9181 0 34.9181 3.2 34.9181 -0.632911 
34.9971 3.2 34.9971 0 34.9971 3.2 34.9971 0 34.9971 3.15 34.9971 0 34.9971 3.15 34.9971 0 
35.0761 3.2 35.0761 0 35.0761 3.2 35.0761 0 35.0761 3.15 35.0761 0 35.0761 3.15 35.0761 0 
35.1551 3.2 35.1551 0 35.1551 3.2 35.1551 0 35.1551 3.15 35.1551 0 35.1551 3.15 35.1551 0 
35.2341 3.2 35.2341 0 35.2341 3.2 35.2341 0 35.2341 3.15 35.2341 0 35.2341 3.15 35.2341 0 
35.3131 3.2 35.3131 0 35.3131 3.2 35.3131 0 35.3131 3.15 35.3131 0 35.3131 3.15 35.3131 0 
35.3921 3.2 35.3921 0 35.3921 3.2 35.3921 0 35.3921 3.15 35.3921 0 35.3921 3.15 35.3921 0 
35.4711 3.2 35.4711 0 35.4711 3.2 35.4711 0 35.4711 3.15 35.4711 0 35.4711 3.15 35.4711 0 
35.5501 3.2 35.5501 0 35.5501 3.2 35.5501 0 35.5501 3.15 35.5501 -0.632911 35.5501 3.15 35.5501 0 
35.6291 3.2 35.6291 0 35.6291 3.2 35.6291 0 35.6291 3.1 35.6291 0 35.6291 3.15 35.6291 0 
35.7081 3.2 35.7081 0 35.7081 3.2 35.7081 0 35.7081 3.1 35.7081 0 35.7081 3.15 35.7081 0 
35.7871 3.2 35.7871 0 35.7871 3.2 35.7871 0 35.7871 3.1 35.7871 0 35.7871 3.15 35.7871 0 
35.8661 3.2 35.8661 0 35.8661 3.2 35.8661 0 35.8661 3.1 35.8661 0 35.8661 3.15 35.8661 0 
35.9451 3.2 35.9451 0 35.9451 3.2 35.9451 0 35.9451 3.1 35.9451 0 35.9451 3.15 35.9451 0 
36.0241 3.2 36.0241 0 36.0241 3.2 36.0241 0 36.0241 3.1 36.0241 0 36.0241 3.15 36.0241 0 
36.1031 3.2 36.1031 0 36.1031 3.2 36.1031 0 36.1031 3.1 36.1031 0 36.1031 3.15 36.1031 -0.632911 
36.1821 3.2 36.1821 0 36.1821 3.2 36.1821 0 36.1821 3.1 36.1821 0 36.1821 3.1 36.1821 0 
36.2611 3.2 36.2611 0 36.2611 3.2 36.2611 0 36.2611 3.1 36.2611 0 36.2611 3.1 36.2611 0 
36.3401 3.2 36.3401 0 36.3401 3.2 36.3401 0 36.3401 3.1 36.3401 0 36.3401 3.1 36.3401 0 
36.4191 3.2 36.4191 0 36.4191 3.2 36.4191 0 36.4191 3.1 36.4191 0 36.4191 3.1 36.4191 0 
36.4981 3.2 36.4981 0 36.4981 3.2 36.4981 0 36.4981 3.1 36.4981 0 36.4981 3.1 36.4981 0 
36.5771 3.2 36.5771 0 36.5771 3.2 36.5771 0 36.5771 3.1 36.5771 0 36.5771 3.1 36.5771 0 
36.6561 3.2 36.6561 0 36.6561 3.2 36.6561 0 36.6561 3.1 36.6561 0 36.6561 3.1 36.6561 0 
36.7351 3.2 36.7351 0 36.7351 3.2 36.7351 0 36.7351 3.1 36.7351 0 36.7351 3.1 36.7351 0 
36.8141 3.2 36.8141 0 36.8141 3.2 36.8141 0 36.8141 3.1 36.8141 0 36.8141 3.1 36.8141 0 
36.8931 3.2 36.8931 0 36.8931 3.2 36.8931 0 36.8931 3.1 36.8931 0 36.8931 3.1 36.8931 0 
36.9721 3.2 36.9721 0 36.9721 3.2 36.9721 0 36.9721 3.1 36.9721 0 36.9721 3.1 36.9721 0 
37.0511 3.2 37.0511 0 37.0511 3.2 37.0511 0 37.0511 3.1 37.0511 0 37.0511 3.1 37.0511 0 
37.1301 3.2 37.1301 0 37.1301 3.2 37.1301 0 37.1301 3.1 37.1301 0 37.1301 3.1 37.1301 0 
37.209 3.2 37.209 0 37.209 3.2 37.209 0 37.209 3.1 37.209 0 37.209 3.1 37.209 0 
37.288 3.2 37.288 0 37.288 3.2 37.288 0 37.288 3.1 37.288 0 37.288 3.1 37.288 0 
37.367 3.2 37.367 0 37.367 3.2 37.367 0 37.367 3.1 37.367 0 37.367 3.1 37.367 0 
37.446 3.2 37.446 0 37.446 3.2 37.446 0 37.446 3.1 37.446 0 37.446 3.1 37.446 0 
37.525 3.2 37.525 0 37.525 3.2 37.525 0 37.525 3.1 37.525 0 37.525 3.1 37.525 0 
37.604 3.2 37.604 0 37.604 3.2 37.604 0 37.604 3.1 37.604 0 37.604 3.1 37.604 0 
37.683 3.2 37.683 0 37.683 3.2 37.683 0 37.683 3.1 37.683 0 37.683 3.1 37.683 0 
37.762 3.2 37.762 0 37.762 3.2 37.762 0 37.762 3.1 37.762 0 37.762 3.1 37.762 0 
37.841 3.2 37.841 0 37.841 3.2 37.841 0 37.841 3.1 37.841 0 37.841 3.1 37.841 0 
37.92 3.2 37.92 0 37.92 3.2 37.92 0 37.92 3.1 37.92 0 37.92 3.1 37.92 0 
37.999 3.2 37.999 0 37.999 3.2 37.999 0 37.999 3.1 37.999 0 37.999 3.1 37.999 0 
38.078 3.2 38.078 0 38.078 3.2 38.078 0 38.078 3.1 38.078 0 38.078 3.1 38.078 0 
38.157 3.2 38.157 0 38.157 3.2 38.157 0 38.157 3.1 38.157 0 38.157 3.1 38.157 0 
38.236 3.2 38.236 0 38.236 3.2 38.236 0 38.236 3.1 38.236 0 38.236 3.1 38.236 0 
38.315 3.2 38.315 0 38.315 3.2 38.315 0 38.315 3.1 38.315 0 38.315 3.1 38.315 0 
38.394 3.2 38.394 0 38.394 3.2 38.394 0 38.394 3.1 38.394 0 38.394 3.1 38.394 0 
38.473 3.2 38.473 0 38.473 3.2 38.473 0 38.473 3.1 38.473 0 38.473 3.1 38.473 0 
38.552 3.2 38.552 0 38.552 3.2 38.552 0 38.552 3.1 38.552 0 38.552 3.1 38.552 0 
38.631 3.2 38.631 0 38.631 3.2 38.631 0 38.631 3.1 38.631 0 38.631 3.1 38.631 0 
38.71 3.2 38.71 0 38.71 3.2 38.71 0 38.71 3.1 38.71 0 38.71 3.1 38.71 0 
38.789 3.2 38.789 0 38.789 3.2 38.789 0 38.789 3.1 38.789 0 38.789 3.1 38.789 0 
38.868 3.2 38.868 0 38.868 3.2 38.868 0 38.868 3.1 38.868 0 38.868 3.1 38.868 0 
38.947 3.2 38.947 0 38.947 3.2 38.947 0 38.947 3.1 38.947 0 38.947 3.1 38.947 0 
39.026 3.2 39.026 0 39.026 3.2 39.026 0 39.026 3.1 39.026 0 39.026 3.1 39.026 0 
39.105 3.2 39.105 0 39.105 3.2 39.105 0 39.105 3.1 39.105 0 39.105 3.1 39.105 0 
39.184 3.2 39.184 0 39.184 3.2 39.184 0 39.184 3.1 39.184 -0.632911 39.184 3.1 39.184 0 
39.263 3.2 39.263 0 39.263 3.2 39.263 0 39.263 3.05 39.263 0 39.263 3.1 39.263 0 
39.342 3.2 39.342 0 39.342 3.2 39.342 0 39.342 3.05 39.342 0 39.342 3.1 39.342 0 
39.421 3.2 39.421 0 39.421 3.2 39.421 0 39.421 3.05 39.421 0 39.421 3.1 39.421 0 
39.5 3.2 39.5 0 39.5 3.2 39.5 0 39.5 3.05 39.5 0 39.5 3.1 39.5 0 
39.579 3.2 39.579 0 39.579 3.2 39.579 0 39.579 3.05 39.579 0 39.579 3.1 39.579 0 
39.658 3.2 39.658 0 39.658 3.2 39.658 0 39.658 3.05 39.658 0 39.658 3.1 39.658 0 
39.737 3.2 39.737 0 39.737 3.2 39.737 0 39.737 3.05 39.737 0 39.737 3.1 39.737 0 
39.816 3.2 39.816 0 39.816 3.2 39.816 0 39.816 3.05 39.816 0 39.816 3.1 39.816 0 
39.895 3.2 39.895 0 39.895 3.2 39.895 0 39.895 3.05 39.895 0 39.895 3.1 39.895 0 
39.974 3.2 39.974 0 39.974 3.2 39.974 0 39.974 3.05 39.974 0 39.974 3.1 39.974 0 
40.053 3.2 40.053 0 40.053 3.2 40.053 0 40.053 3.05 40.053 0 40.053 3.1 40.053 0 
40.132 3.2 40.132 0 40.132 3.2 40.132 0 40.132 3.05 40.132 0 40.132 3.1 40.132 0 
40.211 3.2 40.211 0 40.211 3.2 40.211 0 40.211 3.05 40.211 0.632911 40.211 3.1 40.211 0 
40.29 3.2 40.29 0 40.29 3.2 40.29 0 40.29 3.1 40.29 0 40.29 3.1 40.29 0 
40.369 3.2 40.369 0 40.369 3.2 40.369 0 40.369 3.1 40.369 0 40.369 3.1 40.369 0 
40.448 3.2 40.448 0 40.448 3.2 40.448 0 40.448 3.1 40.448 0 40.448 3.1 40.448 0 
40.527 3.2 40.527 0 40.527 3.2 40.527 0 40.527 3.1 40.527 0 40.527 3.1 40.527 0 
40.606 3.2 40.606 0 40.606 3.2 40.606 0 40.606 3.1 40.606 0 40.606 3.1 40.606 0 
40.685 3.2 40.685 0 40.685 3.2 40.685 0 40.685 3.1 40.685 0 40.685 3.1 40.685 0 
40.764 3.2 40.764 0 40.764 3.2 40.764 0 40.764 3.1 40.764 0 40.764 3.1 40.764 0 
40.843 3.2 40.843 0 40.843 3.2 40.843 0 40.843 3.1 40.843 0 40.843 3.1 40.843 0 
40.922 3.2 40.922 0 40.922 3.2 40.922 0 40.922 3.1 40.922 0 40.922 3.1 40.922 0 
41.001 3.2 41.001 0 41.001 3.2 41.001 0 41.001 3.1 41.001 0 41.001 3.1 41.001 0 
41.08 3.2 41.08 0 41.08 3.2 41.08 0 41.08 3.1 41.08 0 41.08 3.1 41.08 0 
41.159 3.2 41.159 0 41.159 3.2 41.159 0 41.159 3.1 41.159 0 41.159 3.1 41.159 0 
41.238 3.2 41.238 0 41.238 3.2 41.238 0 41.238 3.1 41.238 0 41.238 3.1 41.238 0 
41.317 3.2 41.317 0 41.317 3.2 41.317 0 41.317 3.1 41.317 0 41.317 3.1 41.317 0 
41.396 3.2 41.396 0 41.396 3.2 41.396 0 41.396 3.1 41.396 0 41.396 3.1 41.396 0 
41.475 3.2 41.475 0 41.475 3.2 41.475 0 41.475 3.1 41.475 0 41.475 3.1 41.475 0 
41.554 3.2 41.554 0 41.554 3.2 41.554 0 41.554 3.1 41.554 0 41.554 3.1 41.554 0 
41.633 3.2 41.633 0 41.633 3.2 41.633 0 41.633 3.1 41.633 0 41.633 3.1 41.633 0 
41.712 3.2 41.712 0 41.712 3.2 41.712 0 41.712 3.1 41.712 0 41.712 3.1 41.712 0 
41.791 3.2 41.791 0 41.791 3.2 41.791 0 41.791 3.1 41.791 0 41.791 3.1 41.791 0 
41.87 3.2 41.87 0 41.87 3.2 41.87 0 41.87 3.1 41.87 0 41.87 3.1 41.87 0 
41.949 3.2 41.949 0 41.949 3.2 41.949 0 41.949 3.1 41.949 0 41.949 3.1 41.949 0 
42.028 3.2 42.028 0 42.028 3.2 42.028 0 42.028 3.1 42.028 0.632911 42.028 3.1 42.028 0 
42.107 3.2 42.107 0 42.107 3.2 42.107 0 42.107 3.15 42.107 0 42.107 3.1 42.107 0 
42.186 3.2 42.186 0 42.186 3.2 42.186 0 42.186 3.15 42.186 0 42.186 3.1 42.186 0 
42.265 3.2 42.265 0 42.265 3.2 42.265 0 42.265 3.15 42.265 0 42.265 3.1 42.265 0 
42.344 3.2 42.344 0 42.344 3.2 42.344 0 42.344 3.15 42.344 0 42.344 3.1 42.344 0 
42.423 3.2 42.423 0 42.423 3.2 42.423 0 42.423 3.15 42.423 0 42.423 3.1 42.423 0 
42.502 3.2 42.502 0 42.502 3.2 42.502 0 42.502 3.15 42.502 0 42.502 3.1 42.502 0 
42.581 3.2 42.581 0 42.581 3.2 42.581 0 42.581 3.15 42.581 0 42.581 3.1 42.581 0 
42.66 3.2 42.66 0 42.66 3.2 42.66 0 42.66 3.15 42.66 0 42.66 3.1 42.66 0 
42.7389 3.2 42.7389 0 42.7389 3.2 42.7389 0 42.7389 3.15 42.7389 0 42.7389 3.1 42.7389 0 
42.8179 3.2 42.8179 0 42.8179 3.2 42.8179 0 42.8179 3.15 42.8179 0 42.8179 3.1 42.8179 0 
42.8969 3.2 42.8969 0 42.8969 3.2 42.8969 0 42.8969 3.15 42.8969 -0.632911 42.8969 3.1 42.8969 0 
42.9759 3.2 42.9759 0 42.9759 3.2 42.9759 0 42.9759 3.1 42.9759 0.632911 42.9759 3.1 42.9759 0 
43.0549 3.2 43.0549 0 43.0549 3.2 43.0549 0 43.0549 3.15 43.0549 0 43.0549 3.1 43.0549 0 
43.1339 3.2 43.1339 0 43.1339 3.2 43.1339 0 43.1339 3.15 43.1339 0 43.1339 3.1 43.1339 0 
43.2129 3.2 43.2129 0 43.2129 3.2 43.2129 0 43.2129 3.15 43.2129 0 43.2129 3.1 43.2129 0 
43.2919 3.2 43.2919 0 43.2919 3.2 43.2919 0 43.2919 3.15 43.2919 0 43.2919 3.1 43.2919 0 
43.3709 3.2 43.3709 0 43.3709 3.2 43.3709 0 43.3709 3.15 43.3709 -0.632911 43.3709 3.1 43.3709 0 
43.4499 3.2 43.4499 0 43.4499 3.2 43.4499 0 43.4499 3.1 43.4499 0 43.4499 3.1 43.4499 0 
43.5289 3.2 43.5289 0 43.5289 3.2 43.5289 0 43.5289 3.1 43.5289 0 43.5289 3.1 43.5289 0 
43.6079 3.2 43.6079 0 43.6079 3.2 43.6079 0 43.6079 3.1 43.6079 0 43.6079 3.1 43.6079 -0.632911 
43.6869 3.2 43.6869 0 43.6869 3.2 43.6869 0 43.6869 3.1 43.6869 -0.632911 43.6869 3.05 43.6869 -0.632911 
43.7659 3.2 43.7659 -0.632911 43.7659 3.2 43.7659 0 43.7659 3.05 43.7659 0 43.7659 3 43.7659 0 
43.8449 3.15 43.8449 -0.632911 43.8449 3.2 43.8449 -1.26582 43.8449 3.05 43.8449 -0.632911 43.8449 3 43.8449 -1.26582 
43.9239 3.1 43.9239 -1.26582 43.9239 3.1 43.9239 -1.26582 43.9239 3 43.9239 -1.26582 43.9239 2.9 43.9239 -1.89873 
44.0029 3 44.0029 -2.53165 44.0029 3 44.0029 -1.26582 44.0029 2.9 44.0029 -1.26582 44.0029 2.75 44.0029 -0.632911 
44.0819 2.8 44.0819 -1.89873 44.0819 2.9 44.0819 -1.89873 44.0819 2.8 44.0819 -1.26582 44.0819 2.7 44.0819 -1.89873 
44.1609 2.65 44.1609 -1.26582 44.1609 2.75 44.1609 -1.26582 44.1609 2.7 44.1609 -1.26582 44.1609 2.55 44.1609 -1.26582 
44.2399 2.55 44.2399 -1.89873 44.2399 2.65 44.2399 -2.53165 44.2399 2.6 44.2399 -1.89873 44.2399 2.45 44.2399 -2.53165 
44.3189 2.4 44.3189 -3.16456 44.3189 2.45 44.3189 -1.89873 44.3189 2.45 44.3189 -1.89873 44.3189 2.25 44.3189 -1.89873 
44.3979 2.15 44.3979 -1.26582 44.3979 2.3 44.3979 -1.89873 44.3979 2.3 44.3979 -3.16456 44.3979 2.1 44.3979 -1.89873 
44.4769 2.05 44.4769 -0.632911 44.4769 2.15 44.4769 -1.89873 44.4769 2.05 44.4769 -1.89873 44.4769 1.95 44.4769 -1.26582 
44.5559 2 44.5559 -1.89873 44.5559 2 44.5559 -1.26582 44.5559 1.9 44.5559 -1.26582 44.5559 1.85 44.5559 -1.26582 
44.6349 1.85 44.6349 -0.632911 44.6349 1.9 44.6349 -1.26582 44.6349 1.8 44.6349 -1.26582 44.6349 1.75 44.6349 -1.26582 
44.7139 1.8 44.7139 -1.89873 44.7139 1.8 44.7139 -0.632911 44.7139 1.7 44.7139 -1.26582 44.7139 1.65 44.7139 -0.632911 
44.7929 1.65 44.7929 0 44.7929 1.75 44.7929 -0.632911 44.7929 1.6 44.7929 -0.632911 44.7929 1.6 44.7929 -0.632911 
44.8719 1.65 44.8719 -0.632911 44.8719 1.7 44.8719 -1.26582 44.8719 1.55 44.8719 -0.632911 44.8719 1.55 44.8719 -0.632911 
44.9509 1.6 44.9509 -0.632911 44.9509 1.6 44.9509 -0.632911 44.9509 1.5 44.9509 0 44.9509 1.5 44.9509 -0.632911 
45.0299 1.55 45.0299 0 45.0299 1.55 45.0299 0 45.0299 1.5 45.0299 -1.26582 45.0299 1.45 45.0299 -0.632911 
45.1089 1.55 45.1089 -0.632911 45.1089 1.55 45.1089 -0.632911 45.1089 1.4 45.1089 0 45.1089 1.4 45.1089 0 
45.1879 1.5 45.1879 0 45.1879 1.5 45.1879 -0.632911 45.1879 1.4 45.1879 -0.632911 45.1879 1.4 45.1879 0 
45.2669 1.5 45.2669 -0.632911 45.2669 1.45 45.2669 0 45.2669 1.35 45.2669 0 45.2669 1.4 45.2669 -0.632911 
45.3459 1.45 45.3459 0 45.3459 1.45 45.3459 0 45.3459 1.35 45.3459 0 45.3459 1.35 45.3459 0 
45.4249 1.45 45.4249 0 45.4249 1.45 45.4249 0 45.4249 1.35 45.4249 0 45.4249 1.35 45.4249 0 
45.5039 1.45 45.5039 0 45.5039 1.45 45.5039 0 45.5039 1.35 45.5039 0 45.5039 1.35 45.5039 0 
45.5829 1.45 45.5829 0 45.5829 1.45 45.5829 -0.632911 45.5829 1.35 45.5829 -0.632911 45.5829 1.35 45.5829 0 
45.6619 1.45 45.6619 0 45.6619 1.4 45.6619 0.632911 45.6619 1.3 45.6619 0 45.6619 1.35 45.6619 0 
45.7409 1.45 45.7409 0 45.7409 1.45 45.7409 0 45.7409 1.3 45.7409 0.632911 45.7409 1.35 45.7409 0 
45.8199 1.45 45.8199 0 45.8199 1.45 45.8199 0 45.8199 1.35 45.8199 0 45.8199 1.35 45.8199 0 
45.8989 1.45 45.8989 0 45.8989 1.45 45.8989 0 45.8989 1.35 45.8989 0 45.8989 1.35 45.8989 0 
45.9779 1.45 45.9779 0 45.9779 1.45 45.9779 0 45.9779 1.35 45.9779 0 45.9779 1.35 45.9779 0 
46.0569 1.45 46.0569 0 46.0569 1.45 46.0569 0 46.0569 1.35 46.0569 0 46.0569 1.35 46.0569 0.632911 
46.1359 1.45 46.1359 0 46.1359 1.45 46.1359 0 46.1359 1.35 46.1359 0.632911 46.1359 1.4 46.1359 0 
46.2149 1.45 46.2149 0 46.2149 1.45 46.2149 0.632911 46.2149 1.4 46.2149 0 46.2149 1.4 46.2149 0.632911 
46.2939 1.45 46.2939 0.632911 46.2939 1.5 46.2939 0 46.2939 1.4 46.2939 0 46.2939 1.45 46.2939 0.632911 
46.3729 1.5 46.3729 0.632911 46.3729 1.5 46.3729 0.632911 46.3729 1.4 46.3729 0.632911 46.3729 1.5 46.3729 0 
46.4519 1.55 46.4519 0 46.4519 1.55 46.4519 0.632911 46.4519 1.45 46.4519 0.632911 46.4519 1.5 46.4519 0.632911 
46.5309 1.55 46.5309 0.632911 46.5309 1.6 46.5309 0 46.5309 1.5 46.5309 0 46.5309 1.55 46.5309 0 
46.6099 1.6 46.6099 0 46.6099 1.6 46.6099 0.632911 46.6099 1.5 46.6099 0.632911 46.6099 1.55 46.6099 0.632911 
46.6889 1.6 46.6889 0.632911 46.6889 1.65 46.6889 0 46.6889 1.55 46.6889 0.632911 46.6889 1.6 46.6889 0.632911 
46.7679 1.65 46.7679 0.632911 46.7679 1.65 46.7679 0.632911 46.7679 1.6 46.7679 0 46.7679 1.65 46.7679 0 
46.8469 1.7 46.8469 0 46.8469 1.7 46.8469 0 46.8469 1.6 46.8469 0.632911 46.8469 1.65 46.8469 0.632911 
46.9259 1.7 46.9259 0.632911 46.9259 1.7 46.9259 0 46.9259 1.65 46.9259 0 46.9259 1.7 46.9259 0 
47.0049 1.75 47.0049 0 47.0049 1.7 47.0049 0.632911 47.0049 1.65 47.0049 0.632911 47.0049 1.7 47.0049 0 
47.0839 1.75 47.0839 0.632911 47.0839 1.75 47.0839 0 47.0839 1.7 47.0839 0 47.0839 1.7 47.0839 0.632911 
47.1629 1.8 47.1629 0 47.1629 1.75 47.1629 0 47.1629 1.7 47.1629 0 47.1629 1.75 47.1629 0 
47.2419 1.8 47.2419 0 47.2419 1.75 47.2419 0 47.2419 1.7 47.2419 0 47.2419 1.75 47.2419 0 
47.3209 1.8 47.3209 0 47.3209 1.75 47.3209 0 47.3209 1.7 47.3209 0 47.3209 1.75 47.3209 0 
47.3999 1.8 47.3999 0 47.3999 1.75 47.3999 0 47.3999 1.7 47.3999 0 47.3999 1.75 47.3999 0 
47.4789 1.8 47.4789 0 47.4789 1.75 47.4789 0 47.4789 1.7 47.4789 0 47.4789 1.75 47.4789 -0.632911 
47.5579 1.8 47.5579 0 47.5579 1.75 47.5579 0 47.5579 1.7 47.5579 0 47.5579 1.7 47.5579 0 
47.6369 1.8 47.6369 -0.632911 47.6369 1.75 47.6369 0 47.6369 1.7 47.6369 0 47.6369 1.7 47.6369 0 
47.7159 1.75 47.7159 0 47.7159 1.75 47.7159 -0.632911 47.7159 1.7 47.7159 0 47.7159 1.7 47.7159 -0.632911 
47.7949 1.75 47.7949 -0.632911 47.7949 1.7 47.7949 0 47.7949 1.7 47.7949 0 47.7949 1.65 47.7949 0 
47.8739 1.7 47.8739 -0.632911 47.8739 1.7 47.8739 -0.632911 47.8739 1.7 47.8739 -0.632911 47.8739 1.65 47.8739 -0.632911 
47.9529 1.65 47.9529 -0.632911 47.9529 1.65 47.9529 -0.632911 47.9529 1.65 47.9529 -0.632911 47.9529 1.6 47.9529 -0.632911 
48.0319 1.6 48.0319 -1.26582 48.0319 1.6 48.0319 0 48.0319 1.6 48.0319 -0.632911 48.0319 1.55 48.0319 -0.632911 
48.1109 1.5 48.1109 0 48.1109 1.6 48.1109 -0.633714 48.1109 1.55 48.1109 -0.633714 48.1109 1.5 48.1109 -0.633714 
48.1898 1.5 48.1898 -0.632911 48.1898 1.55 48.1898 -0.632911 48.1898 1.5 48.1898 0 48.1898 1.45 48.1898 -0.632911 
48.2688 1.45 48.2688 0 48.2688 1.5 48.2688 -0.632911 48.2688 1.5 48.2688 -0.632911 48.2688 1.4 48.2688 -0.632911 
48.3478 1.45 48.3478 -0.632911 48.3478 1.45 48.3478 -0.632911 48.3478 1.45 48.3478 -0.632911 48.3478 1.35 48.3478 -0.632911 
48.4268 1.4 48.4268 -0.632911 48.4268 1.4 48.4268 -0.632911 48.4268 1.4 48.4268 -0.632911 48.4268 1.3 48.4268 -0.632911 
48.5058 1.35 48.5058 -0.632911 48.5058 1.35 48.5058 0 48.5058 1.35 48.5058 0 48.5058 1.25 48.5058 -0.632911 
48.5848 1.3 48.5848 0 48.5848 1.35 48.5848 -0.632911 48.5848 1.35 48.5848 -0.632911 48.5848 1.2 48.5848 0 
48.6638 1.3 48.6638 0 48.6638 1.3 48.6638 -0.632911 48.6638 1.3 48.6638 0 48.6638 1.2 48.6638 -0.632911 
48.7428 1.3 48.7428 -0.632911 48.7428 1.25 48.7428 0 48.7428 1.3 48.7428 -0.632911 48.7428 1.15 48.7428 0 
48.8218 1.25 48.8218 0 48.8218 1.25 48.8218 0 48.8218 1.25 48.8218 0 48.8218 1.15 48.8218 -0.632911 
48.9008 1.25 48.9008 0 48.9008 1.25 48.9008 -0.632911 48.9008 1.25 48.9008 0 48.9008 1.1 48.9008 -0.632911 
48.9798 1.25 48.9798 -0.632911 48.9798 1.2 48.9798 0 48.9798 1.25 48.9798 -0.632911 48.9798 1.05 48.9798 0 
49.0588 1.2 49.0588 0 49.0588 1.2 49.0588 0 49.0588 1.2 49.0588 0 49.0588 1.05 49.0588 0 
49.1378 1.2 49.1378 0 49.1378 1.2 49.1378 0 49.1378 1.2 49.1378 0 49.1378 1.05 49.1378 -0.632911 
49.2168 1.2 49.2168 0 49.2168 1.2 49.2168 0 49.2168 1.2 49.2168 0 49.2168 1 49.2168 0 
49.2958 1.2 49.2958 0 49.2958 1.2 49.2958 0 49.2958 1.2 49.2958 0 49.2958 1 49.2958 -0.632886 
49.3748 1.2 49.3748 0 49.3748 1.2 49.3748 0 49.3748 1.2 49.3748 0 49.3748 0.950002 49.3748 0 
49.4538 1.2 49.4538 0 49.4538 1.2 49.4538 0 49.4538 1.2 49.4538 0 49.4538 0.950002 49.4538 0 
49.5328 1.2 49.5328 0 49.5328 1.2 49.5328 0 49.5328 1.2 49.5328 0 49.5328 0.950002 49.5328 -0.632911 
49.6118 1.2 49.6118 0.632911 49.6118 1.2 49.6118 0 49.6118 1.2 49.6118 0 49.6118 0.900002 49.6118 0 
49.6908 1.25 49.6908 0 49.6908 1.2 49.6908 0.632911 49.6908 1.2 49.6908 0 49.6908 0.900002 49.6908 0 
49.7698 1.25 49.7698 0 49.7698 1.25 49.7698 0 49.7698 1.2 49.7698 0 49.7698 0.900002 49.7698 0 
49.8488 1.25 49.8488 0 49.8488 1.25 49.8488 0 49.8488 1.2 49.8488 0 49.8488 0.900002 49.8488 0 
49.9278 1.25 49.9278 0.632911 49.9278 1.25 49.9278 0 49.9278 1.2 49.9278 0 49.9278 0.900002 49.9278 0 
50.0068 1.3 50.0068 0 50.0068 1.25 50.0068 0.632911 50.0068 1.2 50.0068 0 50.0068 0.900002 50.0068 0 
50.0858 1.3 50.0858 0 50.0858 1.3 50.0858 0 50.0858 1.2 50.0858 0 50.0858 0.900002 50.0858 0 
50.1648 1.3 50.1648 0 50.1648 1.3 50.1648 0 50.1648 1.2 50.1648 0 50.1648 0.900002 50.1648 0 
50.2438 1.3 50.2438 0.632911 50.2438 1.3 50.2438 0 50.2438 1.2 50.2438 0 50.2438 0.900002 50.2438 0 
50.3228 1.35 50.3228 0 50.3228 1.3 50.3228 0 50.3228 1.2 50.3228 0 50.3228 0.900002 50.3228 0 
50.4018 1.35 50.4018 0 50.4018 1.3 50.4018 0.632911 50.4018 1.2 50.4018 0.632911 50.4018 0.900002 50.4018 0 
50.4808 1.35 50.4808 0 50.4808 1.35 50.4808 0 50.4808 1.25 50.4808 0 50.4808 0.900002 50.4808 0 
50.5598 1.35 50.5598 0 50.5598 1.35 50.5598 0 50.5598 1.25 50.5598 0 50.5598 0.900002 50.5598 0 
50.6388 1.35 50.6388 0 50.6388 1.35 50.6388 0 50.6388 1.25 50.6388 0 50.6388 0.900002 50.6388 0 
50.7178 1.35 50.7178 0 50.7178 1.35 50.7178 0 50.7178 1.25 50.7178 0 50.7178 0.900002 50.7178 0 
50.7968 1.35 50.7968 0 50.7968 1.35 50.7968 0 50.7968 1.25 50.7968 0 50.7968 0.900002 50.7968 0 
50.8758 1.35 50.8758 0 50.8758 1.35 50.8758 0 50.8758 1.25 50.8758 0 50.8758 0.900002 50.8758 0.632911 
50.9548 1.35 50.9548 0 50.9548 1.35 50.9548 0.632911 50.9548 1.25 50.9548 0 50.9548 0.950002 50.9548 0 
51.0338 1.35 51.0338 0 51.0338 1.4 51.0338 0 51.0338 1.25 51.0338 0 51.0338 0.950002 51.0338 0 
51.1128 1.35 51.1128 0 51.1128 1.4 51.1128 0 51.1128 1.25 51.1128 0 51.1128 0.950002 51.1128 0 
51.1918 1.35 51.1918 0 51.1918 1.4 51.1918 0 51.1918 1.25 51.1918 0 51.1918 0.950002 51.1918 0 
51.2708 1.35 51.2708 0 51.2708 1.4 51.2708 0 51.2708 1.25 51.2708 0 51.2708 0.950002 51.2708 0 
51.3498 1.35 51.3498 0 51.3498 1.4 51.3498 0 51.3498 1.25 51.3498 0 51.3498 0.950002 51.3498 0 
51.4288 1.35 51.4288 0 51.4288 1.4 51.4288 0 51.4288 1.25 51.4288 0 51.4288 0.950002 51.4288 0 
51.5078 1.35 51.5078 0 51.5078 1.4 51.5078 0 51.5078 1.25 51.5078 0 51.5078 0.950002 51.5078 0 
51.5868 1.35 51.5868 0 51.5868 1.4 51.5868 0 51.5868 1.25 51.5868 0 51.5868 0.950002 51.5868 0 
51.6658 1.35 51.6658 0 51.6658 1.4 51.6658 0 51.6658 1.25 51.6658 0 51.6658 0.950002 51.6658 0 
51.7448 1.35 51.7448 0 51.7448 1.4 51.7448 0 51.7448 1.25 51.7448 0 51.7448 0.950002 51.7448 0 
51.8238 1.35 51.8238 0 51.8238 1.4 51.8238 0 51.8238 1.25 51.8238 0 51.8238 0.950002 51.8238 0 
51.9028 1.35 51.9028 0 51.9028 1.4 51.9028 0 51.9028 1.25 51.9028 0 51.9028 0.950002 51.9028 0.632886 
51.9818 1.35 51.9818 0 51.9818 1.4 51.9818 0 51.9818 1.25 51.9818 0 51.9818 1 51.9818 0 
52.0608 1.35 52.0608 0 52.0608 1.4 52.0608 0 52.0608 1.25 52.0608 0 52.0608 1 52.0608 0 
52.1398 1.35 52.1398 -0.632911 52.1398 1.4 52.1398 0 52.1398 1.25 52.1398 0 52.1398 1 52.1398 0 
52.2188 1.3 52.2188 0 52.2188 1.4 52.2188 0 52.2188 1.25 52.2188 0 52.2188 1 52.2188 0 
52.2978 1.3 52.2978 0 52.2978 1.4 52.2978 0 52.2978 1.25 52.2978 0 52.2978 1 52.2978 0 
52.3768 1.3 52.3768 0 52.3768 1.4 52.3768 0 52.3768 1.25 52.3768 0 52.3768 1 52.3768 0 
52.4558 1.3 52.4558 -0.632911 52.4558 1.4 52.4558 -0.632911 52.4558 1.25 52.4558 0 52.4558 1 52.4558 0 
52.5348 1.25 52.5348 0 52.5348 1.35 52.5348 0 52.5348 1.25 52.5348 0 52.5348 1 52.5348 0 
52.6138 1.25 52.6138 -0.632911 52.6138 1.35 52.6138 0 52.6138 1.25 52.6138 0 52.6138 1 52.6138 0 
52.6928 1.2 52.6928 0 52.6928 1.35 52.6928 -0.632911 52.6928 1.25 52.6928 -0.632911 52.6928 1 52.6928 0 
52.7718 1.2 52.7718 0 52.7718 1.3 52.7718 0 52.7718 1.2 52.7718 0 52.7718 1 52.7718 0 
52.8508 1.2 52.8508 0 52.8508 1.3 52.8508 0 52.8508 1.2 52.8508 0 52.8508 1 52.8508 0 
52.9298 1.2 52.9298 0 52.9298 1.3 52.9298 -0.632911 52.9298 1.2 52.9298 0 52.9298 1 52.9298 0 
53.0088 1.2 53.0088 -0.632911 53.0088 1.25 53.0088 0 53.0088 1.2 53.0088 0 53.0088 1 53.0088 0 
53.0878 1.15 53.0878 0 53.0878 1.25 53.0878 -0.632911 53.0878 1.2 53.0878 -0.632911 53.0878 1 53.0878 0 
53.1668 1.15 53.1668 0 53.1668 1.2 53.1668 0 53.1668 1.15 53.1668 0 53.1668 1 53.1668 0 
53.2458 1.15 53.2458 0 53.2458 1.2 53.2458 0 53.2458 1.15 53.2458 0 53.2458 1 53.2458 0 
53.3248 1.15 53.3248 -0.632911 53.3248 1.2 53.3248 0 53.3248 1.15 53.3248 0 53.3248 1 53.3248 0 
53.4038 1.1 53.4038 0 53.4038 1.2 53.4038 0 53.4038 1.15 53.4038 0 53.4038 1 53.4038 0 
53.4828 1.1 53.4828 0 53.4828 1.2 53.4828 -0.632911 53.4828 1.15 53.4828 -0.632911 53.4828 1 53.4828 0 
53.5618 1.1 53.5618 0 53.5618 1.15 53.5618 0 53.5618 1.1 53.5618 0 53.5618 1 53.5618 0 
53.6408 1.1 53.6408 0 53.6408 1.15 53.6408 0 53.6408 1.1 53.6408 0 53.6408 1 53.6408 0 
53.7197 1.1 53.7197 1.15 53.7197 1.1 53.7197 1 
